Startup CPU time:        0.856 sec summed across    1 PEs.
         Day, Step number,     CPU time, CPU time change
       0.000,           0,        0.856,        0.856
       1.000,          72,       20.652,       19.796
       2.000,         144,       40.445,       19.793
       3.000,         216,       60.242,       19.797
       4.000,         288,       80.047,       19.804
       5.000,         360,       99.856,       19.809
       6.000,         432,      119.675,       19.819
       7.000,         504,      139.479,       19.804
       8.000,         576,      159.285,       19.806
       9.000,         648,      179.094,       19.809
      10.000,         720,      198.905,       19.811
